1625
948
1086
1568
1348
1351
1543
1755
792
226
312
1164
1439
1620
1261
546
64
820
1546
186
1780
1133
874
1202
1480
1740
401
1891
486
1693
564
925
161
1673
1428
472
1578
988
1717
1356
1690
1031
1295
1110
1735
49
569
905
297
1103
1203
1300
1090
280
451
1484
1502
779
1001
1678
944
101
1870
59
54
1119
1674
1689
221
555
924
157
55
5
1599
1409
626
1107
1812
607
1342
1136
587
943
1469
995
1815
1668
1600
1385
397
794
1361
1753
657
910
1030
1425
53
1545
1708
1357
346
1801
296
1541
382
58
192
1254
1458
851
255
1167
844
222
576
1427
1410
256
1098
23
1511
974
254
1408
1389
1679
934
1207
1350
1576
358
721
337
1789
571
1292
772
1610
1868
1490
243
752
66
1397
351
1040
1231
68
1196
1132
1106
1841
1538
893
56
1387
1199
438
1828
1527
108
775
1800
836
624
323
1560
1582
1897
968
1830
1859
349
562
1076
120
326
1213
260
277
1192
1120
1014
816
1179
1155
45
1159
