1639
896
1170
881
614
1739
946
1843
1130
1026
458
1263
87
1555
898
786
346
522
6
1701
982
1338
179
498
1005
815
730
1746
1447
78
1396
579
101
56
1794
1288
112
1277
1697
607
932
192
1676
1373
1154
738
966
684
633
79
1549
1801
689
1838
811
313
199
1053
1813
1842
611
1346
818
43
1539
876
50
698
1457
351
1606
1116
952
1670
750
1775
1828
191
1797
1885
941
841
1031
1001
1753
545
1140
644
1087
1309
91
819
1756
67
643
1278
1610
869
804
82
484
385
1809
723
1494
1374
1570
899
985
1049
434
1629
1117
272
314
471
194
1158
645
634
929
1541
8
60
1406
923
1596
922
1387
1436
23
1281
1307
573
306
1887
1181
275
931
608
1879
638
1224
279
110
1466
1718
452
1778
204
897
178
221
757
1342
588
1556
1009
1523
1073
1476
330
226
1833
1045
1464
357
1736
625
805
506
1022
1832
514
539
403
974
758
339
755
1169
222
820
858
960
1334
1067
712
1025
98
1829
1883
1096
153
1807
1037
934
257
26
467
676
294
239
14
421
1124
1572
1138
657
1607
1021
326
1857
1438
1100
195
34
1390
1450
1218
980
1322
662
1129
1663
1458
670
1453
890
825
1268
827
603
483
1132
461
5
857
1766
374
58
1486
1236
335
1652
232
556
629
1133
601
609
843
1308
951
1286
1643
1353
1014
1562
1121
1294
768
646
368
1097
408
1068
1680
126
1182
1732
1017
1853
1727
1081
322
137
121
1612
754
441
1758
1077
493
1757
75
379
1826
343
1317
1320
1659
1036
184
333
1738
1634
325
568
1104
476
435
1814
911
1113
1532
367
315
1626
910
1323
564
1363
1799
1590
1655
140
1815
1672
1711
320
737
986
429
285
683
1865
1385
177
535
959
154
428
1521
297
1280
1582
751
752
624
1594
1287
744
1665
1246
1107
807
1501
321
667
736
1282
99
203
324
1252
1335
1008
589
735
63
1237
265
543
468
1337
450
131
1636
654
1063
1290
1302
1682
1897
1139
175
1101
998
1092