9
400
105
32
103
42
3
41
523
249
713
638
67
194
1283
19
176
144
12
1543
704
1281
598
372
36
44
323
1624
321
357
697
1713
308
95
1598
679
266
1189
72
53
128
1269
277
63
626
475
797
325
655
840
204
212
1402
1488
617
1255
783
652
1
8
1127
1113
199
1236
823
97
687
644
770
615
302
482
843
871
1601
498
502
1539
1185
1183
27
297
605
172
711
389
852
250
474
353
342
306
454
398
252
586
101
317
809
193
52
6
654
263
1445
368
437
1021
555
939
1340
536
784
983
346
1540
254
431
51
928
1142
392
74
393
260
847
1018
1253
211
942
62
1585
513
969
621
1338
375
415
429
542
701
1190
88
733
1647
596
309
509
1052
1644
878
673
402
1034
69
1440
1489
1013
463
460
175
1436
781
753
131
142
831
481
281
642
1033
56
830
343
774
345
518
405
1231
1509
1556
1026
61
1339
938
1062
1332
34
1042
639
986
1565
469
462
768
341
719
456
483
96
681
224
1518
1284
1167
1014
777
1000
853
221
815
220
835
582
517
283
1737
706
48
191
814
569
1546
1346
834
546
29
601
609
294
1365
1580
1741
1168
1487
26
540
514
1246
371
135
1669
99
479
539
974
1375
1619
272
710
1393
289
245
118
214
1373
1312
1836
132
1603
567
394
1280
257
769
155
1406
868
1434
183
527
300
881
800
632
762
1860
520
1217
1468
233
46
1138
316
370
714
616
739
296
817
447
1097
576
338
38
990
686
30
699
779
674
1616
58
140
1037
1502
1103
1493
1031
189
282
728
758
495
525
256
793
805
1344
1522
590
334
607
646
1173
547
413
327
919
557
1184
658
787
209
448
994
798
274
350
451
1839
819
94
725
236
1717
164
1526
912
1413
228
599
109
286
856
160
708
1876
1783
563
90
1724
631
399
1638
705
1758
851
187
1248
1586
1716
423
1426
882
913
418
276
992
124
