9
400
105
32
103
42
3
41
523
249
713
638
67
194
1283
19
176
144
12
1543
704
1281
598
372
36
44
323
1624
321
357
697
1713
308
95
1598
679
266
1189
72
53
128
1269
277
63
658
475
797
325
655
34
204
212
1402
1488
617
257
1142
652
1
8
1127
1113
199
1236
823
97
687
644
1167
1393
302
615
843
882
1601
498
135
1539
1185
1183
27
191
787
172
711
1346
852
250
779
353
342
306
454
609
252
453
96
317
809
193
214
6
567
263
1280
368
437
1021
555
708
834
536
547
1546
346
1540
164
431
51
398
582
392
74
393
621
847
1716
1253
211
808
62
296
151
969
527
1338
601
415
405
399
518
456
1373
282
1647
596
309
509
1014
297
423
673
402
316
1783
1440
1489
1013
1091
460
1426
1436
781
1406
939
142
831
289
281
1000
1033
56
830
343
625
345
350
221
25
1509
1727
1026
61
942
389
1062
1332
38
871
1340
